//Note: "ROW=?,COL=?" comments refer to the row and column entry in the map file, for quick;
//user testing (i.e. has no significance in trap map parsing code);
//;
/ROW=1,COL=4;
20|n|2|0.45,0.25,0.1|0,-0.5,0.15|-0.10|3.1,0,0|0,1,0|-0.5,4.5,0,0,0,0;
//ROW=2,COL=1;
10|n|1|0.9,0.1,0.02|0,0,0|-0.05|15;
//ROW=2,COL=3;
10|n|2|0.9,0.1,0.02|0,0,0|-0.05|15;
10|r|4|0.9,0.1,0.02|0,0,0|-0.05|15;
//ROW=2,COL=7;
10|n|2|0.9,0.1,0.02|0,0,0|-0.04|15;
10|r|4|0.9,0.1,0.02|0,0,0|-0.04|15;
10|r|3|0.9,0.1,0.02|0,0,0|-0.04|15;
10|r|7|0.9,0.1,0.025|0,0,0|-0.02|25;
10|r|8|0.9,0.1,0.025|0,0,0|-0.02|25;
//ROW=2,COL=8;
20|n|1|0.7,0.35,0.15|0,-0.5,0|-0.15|1,0,0|1,0,0|-1.5,0.25,0,0,0,0;
10|r|2|0.9,0.1,0.02|0,0,0|-0.05|15;
10|r|4|0.9,0.1,0.02|0,0,0|-0.05|15;
//ROW=5,COL=8;
20|n|2|0.7,0.45,0.15|0,-0.25,-0.1|-0.15|1,0,0|1,0,0|-2.5,-0.25,0,0,0,0;
20|r|2|0.7,0.45,0.1|-0.3,-0.25,0|-0.15|0,0,1|0,0,1|0,0,0,0,-2.5,-0.2;
20|r|2|0.4,0.3,0.05|0,-0.5,0|-0.15|1,0,1|1,1,1|-2.5,-0.25,0,0,-2.5,0.1;
30|r|1|0.3,0.3,0.15|0,-0.35,0|0.65;
//ROW=6,COL=1;
20|n|6|0.25,0.2,0.05|0,-0.5,0|-0.08|0,0,4|0,-2,3|0,0,0,0,-0.5,8.5;
20|r|6|0.3,0.3,0.1|0.3,-0.5,0|-0.08|0,0,-2|0,-2,3|0,0,0,0,-0.5,8.5;
//ROW=6,COL=5;
20|n|3|0.3,0.2,0.30|0,0,0|-0.12|0,1,0|1.2,0,0|0,0,-0.5,0.5,0,0;
//ROW=7,COL=5;
10|n|2|0.9,0.12,0.02|0,0,0|-0.05|20;
10|r|1|0.9,0.12,0.02|0,0,0|-0.05|20;
//ROW=8,COL=5;
10|n|2|0.9,0.12,0.02|0,0,0|-0.05|20;
10|r|1|0.9,0.12,0.02|0,0,0|-0.05|20;
//ROW=9,COL=5;
10|n|2|0.9,0.12,0.02|0,0,0|-0.05|20;
10|r|1|0.9,0.12,0.02|0,0,0|-0.05|20;
//ROW=10,COL=1;
30|n|2|0.3,0.3,0.15|0,-0.35,0|1;
//ROW=10,COL=5;
10|n|4|0.9,0.12,0.03|0,0,0|-0.05|20;
10|r|2|0.9,0.12,0.02|0,0,0|-0.05|20;
//ROW=10,COL=6;
10|n|4|0.9,0.12,0.03|0,0,0|-0.05|20;
10|r|3|0.9,0.12,0.03|0,0,0|-0.05|20;
//ROW=10,COL=7;
10|n|4|0.9,0.12,0.03|0,0,0|-0.05|20;
10|r|3|0.9,0.12,0.03|0,0,0|-0.05|20;
//ROW=10,COL=8;
10|n|4|0.9,0.12,0.03|0,0,0|-0.05|20;
10|r|3|0.9,0.12,0.03|0,0,0|-0.05|20;
//ROW=10,COL=13;
30|n|1|0.3,0.3,0.15|0,-0.35,0|0.35;
//ROW=11,COL=9;
20|n|1|0.5,0.4,0.15|0,0,0|-0.35|0,0.3,0|1.2,0.1,0.2|0,0,-0.5,0.5,0,0;
//ROW=12,COL=1;
30|n|1|0.3,0.3,0.1|0,-0.35,0|0.12;
//ROW=12,COL=5;
20|n|3|0.3,0.2,0.15|0,-0.9,0|-0.12|0,0.3,2|1.2,0.1,0.2|0,0,-0.4,1,-3.25,0.25;
20|r|1|0.1,0.1,0.05|0,-0.85,0|-0.03|0,0,2|1.2,0.1,0.2|0,0,0,0,-3.25,0.25;
//ROW=13,COL=7;
20|n|6|0.5,0.4,0.15|0,0,0|-0.08|0,0.3,0|1.2,0.1,0.2|0,0,-0.5,0.5,0,0;
//ROW=14,COL=1;
20|n|2|0.4,0.15,0.1|0,-0.8,0|-0.1|0,0,3.5|0,10,0|0,0,0,0,0,8.3;
20|r|2|0.4,0.15,0.1|0,-0.8,0|-0.1|2,0,0|10,0,0|-1.5,1.3,0,0,0,0;
//ROW=16,COL=6;
20|n|2|0.5,0.2,0.1|0,-0.8,0|-0.15|0,0,1|0,10,0|0,0,0,0,0,10;
//ROW=18,COL=8;
10|n|4|0.9,0.05,0.07|0,0,0|-0.05|15;
30|r|1|0.3,0.3,0.15|0,-0.35,0|0.40;
//ROW=18,COL=9;
10|n|4|0.9,0.05,0.07|0,0,0|-0.05|15;
20|r|1|0.2,0.2,0.1|0,-0.5,0|-0.9|0,-2,0|0,3,0|0,0,-0.35,0.5,0,0;
//ROW=18,COL=10;
10|n|4|0.9,0.05,0.07|0,0,0|-0.05|15;
//ROW=18,COL=11;
10|n|4|0.9,0.05,0.07|0,0,0|-0.05|15;
20|r|2|0.2,0.2,0.1|0,-0.5,0|-0.9|0,2,0|0,3,0|0,0,-0.35,0.5,0,0;